0 0.5833333333333334 0.5972222222222222 0.065625 0.26481481481481484
0 0.76640625 0.6796296296296296 0.0609375 0.2462962962962963
0 0.7049479166666667 0.5569444444444445 0.04739583333333333 0.19722222222222222
0 0.8268229166666666 0.42824074074074076 0.17864583333333334 0.08796296296296297
0 0.8283854166666667 0.2462962962962963 0.043229166666666666 0.12407407407407407
0 0.7161458333333334 0.324537037037037 0.03229166666666667 0.17685185185185184
0 0.52734375 0.37777777777777777 0.08072916666666667 0.11481481481481481
0 0.496875 0.5611111111111111 0.10729166666666666 0.17777777777777778
0 0.3606770833333333 0.6907407407407408 0.11510416666666666 0.14629629629629629
0 0.3578125 0.8328703703703704 0.17916666666666667 0.21944444444444444
