0 0.5713541666666667 0.5944444444444444 0.0625 0.19814814814814816
0 0.49973958333333335 0.575462962962963 0.08177083333333333 0.18981481481481483
0 0.69375 0.5726851851851852 0.05625 0.1787037037037037
0 0.7067708333333333 0.31203703703703706 0.03333333333333333 0.1648148148148148
0 0.8161458333333333 0.26157407407407407 0.03854166666666667 0.12129629629629629
0 0.8190104166666666 0.44212962962962965 0.17864583333333334 0.0787037037037037
0 0.5169270833333334 0.39444444444444443 0.0796875 0.10925925925925926
0 0.36822916666666666 0.7027777777777777 0.096875 0.1574074074074074
0 0.3497395833333333 0.8495370370370371 0.1828125 0.22314814814814815
0 0.7575520833333333 0.6944444444444444 0.0609375 0.25
