0 0.5817708333333333 0.562037037037037 0.052083333333333336 0.20555555555555555
0 0.5026041666666666 0.5587962962962963 0.12916666666666668 0.16944444444444445
0 0.34010416666666665 0.6898148148148148 0.15625 0.1537037037037037
0 0.3651041666666667 0.8300925925925926 0.178125 0.2175925925925926
0 0.53359375 0.3763888888888889 0.0734375 0.11388888888888889
0 0.7223958333333333 0.3523148148148148 0.030208333333333334 0.175
0 0.7138020833333333 0.5606481481481481 0.050520833333333334 0.21203703703703702
0 0.77578125 0.6777777777777778 0.0609375 0.24074074074074073
0 0.8372395833333334 0.42685185185185187 0.17864583333333334 0.08148148148148149
0 0.8390625 0.2462962962962963 0.04583333333333333 0.12407407407407407
