0 0.5833333333333334 0.600462962962963 0.078125 0.24351851851851852
0 0.6942708333333333 0.5615740740740741 0.051041666666666666 0.18425925925925926
0 0.7604166666666666 0.6884259259259259 0.057291666666666664 0.24537037037037038
0 0.8208333333333333 0.43657407407407406 0.17916666666666667 0.0787037037037037
0 0.8197916666666667 0.2523148148148148 0.03958333333333333 0.11944444444444445
0 0.7106770833333333 0.32546296296296295 0.033854166666666664 0.18611111111111112
0 0.51953125 0.3875 0.0828125 0.11203703703703703
0 0.49765625 0.5694444444444444 0.0890625 0.18518518518518517
0 0.36223958333333334 0.6990740740740741 0.1015625 0.15
0 0.35130208333333335 0.8439814814814814 0.18177083333333333 0.22314814814814815
