0 0.46953125 0.6504629629629629 0.17239583333333333 0.18981481481481483
0 0.4002604166666667 0.8148148148148148 0.1453125 0.21666666666666667
0 0.24010416666666667 0.7680555555555556 0.103125 0.30092592592592593
0 0.7947916666666667 0.6754629629629629 0.0625 0.25092592592592594
0 0.48359375 0.5157407407407407 0.1140625 0.12407407407407407
0 0.4903645833333333 0.45694444444444443 0.1328125 0.15092592592592594
0 0.5565104166666667 0.36157407407407405 0.07864583333333333 0.11388888888888889
0 0.6908854166666667 0.42592592592592593 0.11614583333333334 0.17037037037037037
0 0.85859375 0.4287037037037037 0.1859375 0.07777777777777778
0 0.8807291666666667 0.19768518518518519 0.04375 0.12314814814814815
