0 0.5059895833333333 0.6370370370370371 0.20989583333333334 0.17037037037037037
0 0.48802083333333335 0.5171296296296296 0.12916666666666668 0.13055555555555556
0 0.5119791666666667 0.4601851851851852 0.14479166666666668 0.1537037037037037
0 0.56171875 0.36018518518518516 0.08385416666666666 0.11851851851851852
0 0.7018229166666666 0.4199074074074074 0.1140625 0.175
0 0.7981770833333334 0.6773148148148148 0.058854166666666666 0.2564814814814815
0 0.8645833333333334 0.42777777777777776 0.18645833333333334 0.08333333333333333
0 0.4046875 0.812962962962963 0.14375 0.21296296296296297
0 0.25104166666666666 0.7620370370370371 0.12083333333333333 0.31296296296296294
0 0.8799479166666667 0.20092592592592592 0.0359375 0.12222222222222222
