0 0.5776041666666667 0.5814814814814815 0.06041666666666667 0.2388888888888889
0 0.49609375 0.5625 0.12135416666666667 0.1787037037037037
0 0.3421875 0.6842592592592592 0.14479166666666668 0.1537037037037037
0 0.36276041666666664 0.8310185185185185 0.1765625 0.22685185185185186
0 0.70625 0.5643518518518519 0.04895833333333333 0.22870370370370371
0 0.7755208333333333 0.6814814814814815 0.07916666666666666 0.2740740740740741
0 0.8317708333333333 0.42962962962962964 0.18125 0.0962962962962963
0 0.8385416666666666 0.24583333333333332 0.052083333333333336 0.12685185185185185
0 0.7190104166666667 0.34675925925925927 0.04114583333333333 0.18981481481481483
0 0.5330729166666667 0.37222222222222223 0.0921875 0.12037037037037036
