0 0.41302083333333334 0.6263888888888889 0.15104166666666666 0.18981481481481483
0 0.43463541666666666 0.45740740740740743 0.1453125 0.14074074074074075
0 0.4671875 0.5185185185185185 0.07916666666666666 0.1388888888888889
0 0.4083333333333333 0.8097222222222222 0.14895833333333333 0.21574074074074073
0 0.228125 0.8009259259259259 0.08333333333333333 0.3388888888888889
0 0.5643229166666667 0.36064814814814816 0.0828125 0.11203703703703703
0 0.6825520833333333 0.4273148148148148 0.10260416666666666 0.15648148148148147
0 0.7979166666666667 0.6685185185185185 0.06770833333333333 0.26296296296296295
0 0.8708333333333333 0.43194444444444446 0.190625 0.08796296296296297
0 0.8966145833333333 0.1962962962962963 0.0453125 0.12407407407407407
