0 0.43333333333333335 0.6351851851851852 0.14791666666666667 0.17222222222222222
0 0.22708333333333333 0.7902777777777777 0.08645833333333333 0.3194444444444444
0 0.40078125 0.8189814814814815 0.14739583333333334 0.2175925925925926
0 0.46380208333333334 0.5319444444444444 0.09114583333333333 0.1361111111111111
0 0.46015625 0.44675925925925924 0.14010416666666667 0.15833333333333333
0 0.5552083333333333 0.3675925925925926 0.07604166666666666 0.11851851851851852
0 0.6776041666666667 0.43287037037037035 0.11979166666666667 0.1712962962962963
0 0.7908854166666667 0.6888888888888889 0.06302083333333333 0.25925925925925924
0 0.8578125 0.4324074074074074 0.184375 0.08148148148148149
0 0.878125 0.2013888888888889 0.042708333333333334 0.11203703703703703
