0 0.5604166666666667 0.6583333333333333 0.20104166666666667 0.20185185185185187
0 0.8033854166666666 0.6828703703703703 0.05677083333333333 0.2490740740740741
0 0.5065104166666666 0.5324074074074074 0.1390625 0.14814814814814814
0 0.5302083333333333 0.48842592592592593 0.13958333333333334 0.16203703703703703
0 0.5658854166666667 0.3662037037037037 0.08177083333333333 0.1175925925925926
0 0.7143229166666667 0.4046296296296296 0.1234375 0.1425925925925926
0 0.8692708333333333 0.425 0.1875 0.10555555555555556
0 0.41171875 0.8064814814814815 0.1578125 0.2037037037037037
0 0.26119791666666664 0.7375 0.1328125 0.27870370370370373
0 0.88046875 0.21342592592592594 0.0421875 0.1175925925925926
